0 133 16
0 246 34
0 467 84
0 901 10
0 835 81
0 712 73
0 173 41
0 270 87
0 488 7
0 774 33
0 769 63
0 249 53
0 90 3
0 737 25
0 887 11
0 388 9
0 265 24
0 308 27
0 128 81
0 799 7
0 472 45
0 845 27
0 203 34
0 723 83
0 995 36
0 975 58
0 853 64
0 981 9
0 475 55
0 580 51
0 622 53
0 768 13
0 302 96
0 978 94
0 974 20
0 695 85
0 461 36
0 18 98
0 721 62
0 980 9
0 425 14
0 182 16
0 888 19
0 267 65
0 326 30
0 220 18
0 120 27
0 174 100
0 678 15
0 650 74
0 679 74
0 916 56
0 803 2
0 382 32
0 821 15
0 752 74
0 748 74
0 852 68
0 322 17
0 736 29
0 241 86
0 997 19
0 957 18
0 550 87
0 316 37
0 4 79
0 368 27
0 794 16
0 715 38
0 478 40
0 29 39
0 140 20
0 224 17
0 765 63
0 321 32
0 88 28
0 566 35
0 599 92
0 268 48
0 317 57
0 54 82
0 106 76
0 706 19
0 477 65
0 613 100
0 40 41
0 589 3
0 429 69
0 437 34
0 791 22
0 634 7
0 704 85
0 909 54
0 834 12
0 742 76
0 531 78
0 684 47
0 545 70
0 984 49
0 795 53
0 631 64
0 979 41
0 492 32
0 647 68
0 476 71
0 17 10
0 393 58
0 785 99
0 318 85
0 389 55
0 366 75
0 868 48
0 251 71
0 528 63
0 104 29
0 698 51
0 60 80
0 47 9
0 269 94
0 784 27
0 637 55
0 213 11
0 169 6
0 677 8
0 53 42
0 113 76
0 156 22
0 392 54
0 136 49
0 466 83
0 216 33
0 240 20
0 610 77
0 57 44
0 988 12
0 563 73
0 490 76
0 398 60
0 319 81
0 96 52
0 856 41
0 935 43
0 336 99
0 635 31
0 432 6
0 751 24
0 386 34
0 654 29
0 155 44
0 951 17
0 137 21
0 633 16
0 13 41
0 577 37
0 69 78
0 554 6
0 105 81
0 236 85
0 1 11
0 732 87
0 301 92
0 578 33
0 608 88
0 183 7
0 533 62
0 652 16
0 718 61
0 847 31
0 468 72
0 16 22
0 9 44
0 876 14
0 422 8
0 904 62
0 630 28
0 394 62
0 407 22
0 573 32
0 666 92
0 805 2
0 804 5
0 508 96
0 237 42
0 707 22
0 527 83
0 873 83
0 648 72
0 229 90
0 869 42
0 571 45
0 108 15
0 479 50
0 925 40
0 161 96
0 42 50
0 232 3
0 561 28
0 462 9
0 542 72
0 456 3
0 247 67
0 861 18
0 890 25
0 166 28
0 709 96
0 591 57
0 5 68
0 404 78
0 838 27
0 897 82
0 739 81
0 369 51
0 121 46
0 824 30
0 284 47
0 252 48
0 215 70
0 188 20
0 694 96
0 70 16
0 623 25
0 192 18
0 80 50
0 299 33
0 337 37
0 758 50
0 100 22
0 250 80
0 926 90
0 263 14
0 883 85
0 783 11
0 327 40
0 421 34
0 880 1
0 218 56
0 556 44
0 355 21
0 956 98
0 827 60
0 341 78
0 74 80
0 691 27
0 280 57
0 210 40
0 264 51
0 491 87
0 699 36
0 435 89
0 615 2
0 991 93
0 656 40
0 525 70
0 433 36
0 731 50
0 256 10
0 102 22
0 449 87
0 836 11
0 933 83
0 693 29
0 22 11
0 116 33
0 801 95
0 553 1
0 749 6
0 862 87
0 495 65
0 643 27
0 416 51
0 927 20
0 32 30
0 285 93
0 253 71
0 829 15
0 167 34
0 148 19
0 816 22
0 365 19
0 914 82
0 85 47
0 489 52
0 367 74
0 867 66
0 311 8
0 953 79
0 511 43
0 510 52
0 543 94
0 596 57
0 500 51
0 780 3
0 370 27
0 771 3
0 20 27
0 380 19
0 646 26
0 33 16
0 396 25
0 998 75
0 828 46
0 52 3
0 614 5
0 66 85
0 440 68
0 864 46
0 274 77
0 24 78
0 304 29
0 559 39
0 442 71
0 297 65
0 976 49
0 444 96
0 544 21
0 524 47
0 257 99
0 949 26
0 117 60
0 761 98
0 135 33
0 689 16
0 483 37
0 206 20
0 870 22
0 942 14
0 830 42
0 879 79
0 727 8
0 38 22
0 593 16
0 185 40
0 996 15
0 158 74
0 999 51
0 609 11
0 409 81
0 363 86
0 592 60
0 261 48
0 165 64
0 255 34
0 928 38
0 149 24
0 775 55
0 929 58
0 911 61
0 960 32
0 611 12
0 572 73
0 279 53
0 283 81
0 590 50
0 487 18
0 701 67
0 505 98
0 782 56
0 262 55
0 581 28
0 776 53
0 412 83
0 402 86
0 746 31
0 332 35
0 917 36
0 46 97
0 850 96
0 548 77
0 77 87
0 757 67
0 534 17
0 817 58
0 660 28
0 403 41
0 583 42
0 50 69
0 711 48
0 471 45
0 212 44
0 110 1
0 387 68
0 296 1
0 111 6
0 163 37
0 958 74
0 157 69
0 73 87
0 384 29
0 97 63
0 56 66
0 616 34
0 985 11
0 94 55
0 30 36
0 670 68
0 139 11
0 825 92
0 763 44
0 921 74
0 62 23
0 25 35
0 45 81
0 242 62
0 840 29
0 549 41
0 458 49
0 273 45
0 323 93
0 446 6
0 282 8
0 672 60
0 339 1
0 293 16
0 6 23
0 726 45
0 438 35
0 63 47
0 373 77
0 385 30
0 696 60
0 564 77
0 811 60
0 259 17
0 767 57
0 107 23
0 356 55
0 989 16
0 343 31
0 445 82
0 518 21
0 859 1
0 939 77
0 411 44
0 331 47
0 962 46
0 277 65
0 375 25
0 896 62
0 509 61
0 408 28
0 781 85
0 552 97
0 671 84
0 810 7
0 786 14
0 307 93
0 702 37
0 86 34
0 772 34
0 662 34
0 410 90
0 334 86
0 184 84
0 624 51
0 912 4
0 82 68
0 955 20
0 450 18
0 357 19
0 618 74
0 807 36
0 854 36
0 759 82
0 306 16
0 902 75
0 966 45
0 658 66
0 539 54
0 952 72
0 359 44
0 154 1
0 586 9
0 333 65
0 67 83
0 717 28
0 725 62
0 893 92
0 360 34
0 787 78
0 324 4
0 228 20
0 940 94
0 372 77
0 126 72
0 659 7
0 362 96
0 198 8
0 415 40
0 874 79
0 481 2
0 418 34
0 802 9
0 27 6
0 813 51
0 705 19
0 719 96
0 245 57
0 675 84
0 202 90
0 189 25
0 685 50
0 969 20
0 843 93
0 294 94
0 48 67
0 657 73
0 278 76
0 673 48
0 222 42
0 455 41
0 361 46
0 482 53
0 972 59
0 347 67
0 353 27
0 575 64
0 665 60
0 342 66
0 915 47
0 354 34
0 98 2
0 982 20
0 175 53
0 919 62
0 745 77
0 179 20
0 918 26
0 863 71
0 931 5
0 134 64
0 517 54
0 555 5
0 71 2
0 310 96
0 391 43
0 833 16
0 431 10
0 59 38
0 682 31
0 664 47
0 815 86
0 19 6
0 891 89
0 381 91
0 523 49
0 860 31
0 390 2
0 932 94
0 579 24
0 744 26
0 423 8
0 644 48
0 892 59
0 967 53
0 496 28
0 14 73
0 898 54
0 865 71
0 271 44
0 961 89
0 379 98
0 992 35
0 15 14
0 937 91
0 312 22
0 546 16
0 971 5
0 480 96
0 820 22
0 729 25
0 669 53
0 114 20
0 81 70
0 923 9
0 289 37
0 72 83
0 846 51
0 309 72
0 900 16
0 313 51
0 358 1
0 276 92
0 457 19
0 172 73
0 147 35
0 822 17
0 944 27
0 406 87
0 686 32
0 878 28
0 936 19
0 948 91
0 177 45
0 194 64
0 766 1
0 913 64
0 908 1
0 295 36
0 91 74
0 260 25
0 871 39
0 298 72
0 793 19
0 733 58
0 465 60
0 906 73
0 400 81
0 676 41
0 663 72
0 823 5
0 460 75
0 851 37
0 640 89
0 881 39
0 569 32
0 713 42
0 504 62
0 526 22
0 514 5
0 582 70
0 7 4
0 626 1
0 875 23
0 266 70
0 225 60
0 453 40
0 395 68
0 762 18
0 78 50
0 954 93
0 3 22
0 943 48
0 95 39
0 197 13
0 625 93
0 639 78
0 627 57
0 118 94
0 849 71
0 576 22
0 493 97
0 129 78
0 842 35
0 288 99
0 89 10
0 796 91
0 214 11
0 964 70
0 305 99
0 320 64
0 2 30
0 798 4
0 812 7
0 986 41
0 83 4
0 797 23
0 434 7
0 439 15
0 538 86
0 162 87
0 513 8
0 800 46
0 235 31
0 26 70
0 454 97
0 895 23
0 470 19
0 778 59
0 196 98
0 516 27
0 530 95
0 965 63
0 75 61
0 371 43
0 101 52
0 272 51
0 990 39
0 41 83
0 152 69
0 112 95
0 43 9
0 884 2
0 178 41
0 857 50
0 598 71
0 103 28
0 894 28
0 645 62
0 37 69
0 501 5
0 132 27
0 377 79
0 79 98
0 947 56
0 674 40
0 195 50
0 0 18
0 602 96
0 819 25
0 430 70
0 436 52
0 910 79
0 826 13
0 945 17
0 448 1
0 601 81
0 207 21
0 131 100
0 938 44
0 219 48
0 730 43
0 560 5
0 777 2
0 248 28
0 806 49
0 364 18
0 502 93
0 34 59
0 551 38
0 735 29
0 903 11
0 498 1
0 35 51
0 855 66
0 291 60
0 55 77
0 199 85
0 227 48
0 858 44
0 230 80
0 144 16
0 401 2
0 345 11
0 452 63
0 532 77
0 809 99
0 557 38
0 950 15
0 503 25
0 720 6
0 346 88
0 130 31
0 142 67
0 540 20
0 628 14
0 779 48
0 426 68
0 205 25
0 349 18
0 204 40
0 231 19
0 930 40
0 970 28
0 217 69
0 651 73
0 507 42
0 469 17
0 119 55
0 180 86
0 680 75
0 520 66
0 946 13
0 687 37
0 620 45
0 629 36
0 588 44
0 968 79
0 641 90
0 541 80
0 832 42
0 837 50
0 587 4
0 459 84
0 959 34
0 176 39
0 93 60
0 58 77
0 300 98
0 760 60
0 993 88
0 889 50
0 617 87
0 76 88
0 51 49
0 920 38
0 597 33
0 290 41
0 814 51
0 529 56
0 374 20
0 722 48
0 922 21
0 170 15
0 506 80
0 655 57
0 28 95
0 983 2
0 473 70
0 233 49
0 565 81
0 714 72
0 515 8
0 848 94
0 818 75
0 338 44
0 171 99
0 115 20
0 764 81
0 753 33
0 11 36
0 485 9
0 211 54
0 221 19
0 522 45
0 692 68
0 690 48
0 200 94
0 790 22
0 187 12
0 667 79
0 636 21
0 703 92
0 68 84
0 234 5
0 328 11
0 907 60
0 697 77
0 570 69
0 314 34
0 292 29
0 885 21
0 168 98
0 419 1
0 607 41
0 8 99
0 451 65
0 143 11
0 164 63
0 281 88
0 747 19
0 770 17
0 519 58
0 325 56
0 649 27
0 789 32
0 474 18
0 494 98
0 191 69
0 740 94
0 443 85
0 315 92
0 585 54
0 352 50
0 330 3
0 606 96
0 340 90
0 275 83
0 383 24
0 238 95
0 584 44
0 447 71
0 428 45
0 329 40
0 905 29
0 808 67
0 642 95
0 414 15
0 941 1
0 750 80
0 603 4
0 348 98
0 738 15
0 417 41
0 201 37
0 151 40
0 49 7
0 716 80
0 44 55
0 258 23
0 844 31
0 427 64
0 605 49
0 186 5
0 934 40
0 397 46
0 254 7
0 226 56
0 535 50
0 700 29
0 303 23
0 924 38
0 756 84
0 977 90
0 994 23
0 92 79
0 604 63
0 159 29
0 244 67
0 141 88
0 882 72
0 653 80
0 688 63
0 150 63
0 595 80
0 987 25
0 190 55
0 146 37
0 209 82
0 638 23
0 594 93
0 537 42
0 621 35
0 512 84
0 741 40
0 568 18
0 886 77
0 755 87
0 12 39
0 831 39
0 497 51
0 567 19
0 788 13
0 350 5
0 286 2
0 378 97
0 547 30
0 405 99
0 127 12
0 973 59
0 287 15
0 193 27
0 153 71
0 683 14
0 841 85
0 661 52
0 486 54
0 708 56
0 109 57
0 558 88
0 123 31
0 145 9
0 773 5
0 10 53
0 632 85
0 239 49
0 31 98
0 872 15
0 743 27
0 499 26
0 424 80
0 754 93
0 728 25
0 23 2
0 181 24
0 668 92
0 866 98
0 612 50
0 792 97
0 335 80
0 351 46
0 138 87
0 521 17
0 484 31
0 84 79
0 124 72
0 64 60
0 600 95
0 99 55
0 724 100
0 61 47
0 125 77
0 464 59
0 963 15
0 344 87
0 562 49
0 36 13
0 619 57
0 160 55
0 87 61
0 21 83
0 734 70
0 420 28
0 899 25
0 536 28
0 681 62
0 208 38
0 65 100
0 441 30
0 839 92
0 413 83
0 122 68
0 223 12
0 710 58
0 877 73
0 574 37
0 376 15
0 463 94
0 39 26
0 243 30
0 399 18
