340 0 36
57 0 5
156 0 92
97 0 41
129 0 81
331 0 86
42 0 7
270 0 4
142 0 90
65 0 67
210 0 81
225 0 94
16 0 66
281 0 1
359 0 85
330 0 66
17 0 15
272 0 17
116 0 82
364 0 7
27 0 67
297 0 89
167 0 56
262 0 85
88 0 40
263 0 83
83 0 8
56 0 63
166 0 7
342 0 64
389 0 29
233 0 64
81 0 39
98 0 62
63 0 84
220 0 89
314 0 42
293 0 43
20 0 51
380 0 77
43 0 55
215 0 15
374 0 90
74 0 74
250 0 97
336 0 14
164 0 26
84 0 53
89 0 80
388 0 61
193 0 49
50 0 56
371 0 49
325 0 14
73 0 77
393 0 66
157 0 68
79 0 36
309 0 80
302 0 62
317 0 19
326 0 73
276 0 20
23 0 27
204 0 98
324 0 29
15 0 33
378 0 29
300 0 72
202 0 90
308 0 19
96 0 7
148 0 31
328 0 68
219 0 62
287 0 46
205 0 39
18 0 38
363 0 31
268 0 69
344 0 40
286 0 37
231 0 8
162 0 36
109 0 57
383 0 17
121 0 17
386 0 34
69 0 27
390 0 31
337 0 59
200 0 59
290 0 66
381 0 13
114 0 60
132 0 76
289 0 47
28 0 36
373 0 31
261 0 43
319 0 16
288 0 6
9 0 25
105 0 58
376 0 53
169 0 59
305 0 89
273 0 51
198 0 83
61 0 96
48 0 87
267 0 30
218 0 42
245 0 59
41 0 5
173 0 15
195 0 51
211 0 56
222 0 46
350 0 41
68 0 13
259 0 93
7 0 76
138 0 94
258 0 78
349 0 88
291 0 17
53 0 48
22 0 96
356 0 1
310 0 100
334 0 90
40 0 89
54 0 18
230 0 13
125 0 19
158 0 8
264 0 90
172 0 20
26 0 35
372 0 58
19 0 10
122 0 44
223 0 62
343 0 76
217 0 54
348 0 63
384 0 98
160 0 7
292 0 36
298 0 56
146 0 73
75 0 19
137 0 57
177 0 89
100 0 48
178 0 3
248 0 17
37 0 20
135 0 52
24 0 44
275 0 49
321 0 76
111 0 40
236 0 19
52 0 37
397 0 91
375 0 2
123 0 59
206 0 61
354 0 74
154 0 39
365 0 69
216 0 16
153 0 38
35 0 32
147 0 74
13 0 38
131 0 15
341 0 65
320 0 63
1 0 37
284 0 35
274 0 56
387 0 33
11 0 13
163 0 24
192 0 24
78 0 88
66 0 32
30 0 72
110 0 83
181 0 74
3 0 31
254 0 66
165 0 12
318 0 31
45 0 26
201 0 95
103 0 37
4 0 96
352 0 57
221 0 31
398 0 45
87 0 21
203 0 81
67 0 66
93 0 77
6 0 62
155 0 59
227 0 15
213 0 82
368 0 40
399 0 25
99 0 59
257 0 37
396 0 82
301 0 93
59 0 72
240 0 100
369 0 66
277 0 75
182 0 14
307 0 91
197 0 68
283 0 60
247 0 100
77 0 46
212 0 77
32 0 88
12 0 43
140 0 89
357 0 56
71 0 30
64 0 99
60 0 61
329 0 69
134 0 99
313 0 79
80 0 13
46 0 51
224 0 26
241 0 36
294 0 38
130 0 78
170 0 65
119 0 77
235 0 52
242 0 53
8 0 44
107 0 39
358 0 70
47 0 48
179 0 100
106 0 44
36 0 88
58 0 46
180 0 72
252 0 23
214 0 80
207 0 39
183 0 72
226 0 94
124 0 69
249 0 51
260 0 19
94 0 81
44 0 63
187 0 14
234 0 43
117 0 96
152 0 16
82 0 22
120 0 1
391 0 23
255 0 52
49 0 78
126 0 97
168 0 83
10 0 80
279 0 48
353 0 39
382 0 35
185 0 26
228 0 50
115 0 47
14 0 36
271 0 13
338 0 93
306 0 79
174 0 34
243 0 40
112 0 87
171 0 62
136 0 45
209 0 80
186 0 61
0 0 65
394 0 42
266 0 87
232 0 79
347 0 44
278 0 87
312 0 69
345 0 82
229 0 13
362 0 2
149 0 69
39 0 7
269 0 14
304 0 52
295 0 81
280 0 34
191 0 27
385 0 93
151 0 58
95 0 90
327 0 24
76 0 89
237 0 90
189 0 17
239 0 9
92 0 41
339 0 90
143 0 21
34 0 9
256 0 76
29 0 41
104 0 47
51 0 80
72 0 80
139 0 64
159 0 69
188 0 37
128 0 82
299 0 40
86 0 14
25 0 19
113 0 14
194 0 67
346 0 8
145 0 87
379 0 88
332 0 78
31 0 42
395 0 15
175 0 10
33 0 63
184 0 42
2 0 34
101 0 87
127 0 51
244 0 18
360 0 30
333 0 89
392 0 95
161 0 65
315 0 60
285 0 20
176 0 6
311 0 50
361 0 77
102 0 12
251 0 26
303 0 22
351 0 50
335 0 87
55 0 89
370 0 5
238 0 93
190 0 4
5 0 31
144 0 93
150 0 84
282 0 93
246 0 89
296 0 70
208 0 44
367 0 13
253 0 73
21 0 53
322 0 42
133 0 12
366 0 47
323 0 44
265 0 45
316 0 95
38 0 52
90 0 80
118 0 67
141 0 73
108 0 90
355 0 22
85 0 35
377 0 48
91 0 28
196 0 100
70 0 31
199 0 20
62 0 15
