109 0 92
637 0 46
437 0 50
774 0 52
447 0 69
822 0 79
543 0 100
988 0 83
998 0 19
122 0 23
634 0 22
609 0 60
60 0 1
213 0 16
300 0 96
393 0 8
585 0 39
526 0 17
929 0 87
365 0 60
663 0 60
921 0 69
84 0 91
612 0 10
80 0 78
631 0 62
693 0 64
36 0 25
838 0 23
999 0 36
628 0 98
227 0 30
522 0 39
868 0 93
137 0 11
99 0 20
459 0 40
589 0 36
354 0 25
132 0 59
325 0 85
125 0 78
338 0 89
337 0 82
133 0 31
457 0 39
834 0 16
466 0 79
184 0 48
699 0 36
347 0 90
478 0 25
495 0 37
558 0 88
643 0 13
233 0 97
850 0 15
241 0 100
901 0 18
366 0 67
848 0 81
731 0 91
384 0 85
626 0 43
405 0 36
81 0 69
7 0 82
677 0 3
116 0 94
64 0 20
177 0 51
91 0 2
798 0 36
791 0 62
321 0 86
383 0 50
752 0 7
381 0 87
596 0 81
149 0 58
512 0 52
481 0 14
987 0 91
180 0 30
910 0 36
996 0 78
244 0 97
734 0 16
452 0 56
40 0 31
461 0 26
472 0 8
245 0 68
557 0 69
408 0 16
201 0 15
681 0 8
368 0 95
417 0 64
320 0 25
406 0 30
217 0 11
152 0 22
704 0 63
911 0 99
224 0 60
783 0 2
835 0 84
211 0 73
284 0 19
701 0 85
816 0 46
554 0 18
756 0 74
455 0 99
980 0 48
228 0 38
488 0 20
377 0 98
135 0 87
277 0 64
157 0 34
564 0 31
931 0 96
203 0 44
793 0 1
101 0 30
600 0 50
464 0 15
418 0 22
456 0 94
305 0 93
966 0 2
468 0 83
494 0 35
450 0 85
572 0 94
876 0 40
689 0 98
623 0 62
467 0 49
721 0 2
100 0 19
698 0 36
799 0 95
593 0 22
225 0 73
766 0 22
722 0 24
891 0 83
818 0 61
182 0 44
413 0 45
204 0 72
890 0 52
645 0 84
389 0 16
909 0 65
753 0 5
764 0 2
6 0 36
615 0 76
893 0 52
350 0 5
269 0 34
823 0 85
532 0 55
925 0 10
788 0 49
580 0 20
831 0 88
435 0 98
602 0 63
387 0 54
953 0 4
51 0 17
479 0 71
932 0 25
599 0 50
102 0 79
462 0 24
424 0 39
222 0 70
569 0 59
397 0 56
934 0 34
782 0 63
315 0 81
251 0 6
727 0 27
322 0 42
973 0 17
427 0 57
874 0 17
185 0 77
969 0 52
419 0 5
513 0 17
226 0 63
750 0 67
431 0 42
145 0 57
166 0 66
781 0 84
394 0 12
653 0 28
825 0 13
627 0 69
92 0 54
758 0 50
54 0 7
463 0 66
662 0 53
777 0 32
21 0 94
242 0 60
765 0 97
95 0 22
997 0 24
808 0 9
194 0 48
3 0 90
946 0 86
398 0 50
865 0 79
647 0 12
617 0 70
124 0 29
702 0 73
382 0 66
771 0 86
112 0 22
146 0 70
540 0 48
492 0 65
107 0 68
939 0 1
770 0 85
239 0 21
737 0 11
616 0 80
674 0 70
862 0 86
537 0 17
882 0 88
332 0 97
958 0 9
769 0 73
519 0 19
14 0 6
39 0 2
485 0 83
500 0 24
867 0 61
853 0 98
785 0 89
773 0 26
542 0 12
490 0 37
873 0 26
545 0 84
230 0 89
912 0 29
475 0 57
34 0 59
646 0 63
749 0 55
170 0 1
923 0 9
568 0 100
82 0 87
792 0 86
403 0 4
445 0 95
611 0 33
433 0 14
887 0 13
583 0 51
796 0 21
607 0 2
559 0 99
567 0 98
423 0 64
441 0 99
156 0 40
364 0 31
267 0 17
262 0 48
11 0 41
694 0 13
908 0 71
263 0 91
833 0 50
77 0 95
842 0 78
56 0 54
638 0 19
493 0 19
294 0 31
829 0 19
175 0 78
981 0 51
635 0 39
187 0 49
679 0 14
819 0 43
290 0 37
582 0 68
400 0 37
879 0 46
155 0 82
619 0 77
772 0 41
292 0 90
859 0 26
87 0 11
518 0 65
688 0 28
918 0 15
802 0 15
804 0 27
49 0 7
30 0 25
830 0 9
920 0 30
972 0 87
378 0 34
668 0 16
53 0 67
575 0 13
336 0 23
348 0 98
696 0 32
205 0 94
667 0 22
928 0 73
547 0 32
401 0 52
126 0 20
871 0 40
608 0 58
656 0 52
115 0 46
805 0 16
428 0 20
196 0 28
150 0 91
498 0 57
922 0 6
780 0 86
119 0 73
812 0 49
755 0 93
866 0 49
824 0 87
272 0 39
497 0 53
943 0 58
138 0 13
311 0 77
880 0 1
123 0 29
496 0 7
505 0 96
477 0 60
96 0 3
216 0 81
919 0 12
751 0 81
622 0 76
578 0 98
181 0 8
20 0 79
215 0 15
761 0 19
407 0 98
274 0 75
42 0 57
847 0 50
79 0 43
601 0 43
73 0 9
720 0 85
992 0 96
970 0 60
707 0 99
597 0 49
15 0 51
640 0 9
709 0 37
606 0 88
9 0 17
67 0 49
573 0 65
598 0 14
390 0 45
489 0 34
787 0 23
23 0 26
57 0 71
579 0 90
916 0 91
801 0 78
128 0 49
759 0 9
864 0 30
955 0 69
703 0 84
745 0 69
198 0 61
670 0 85
453 0 1
732 0 49
962 0 36
840 0 7
425 0 5
520 0 94
229 0 33
990 0 82
165 0 48
941 0 3
167 0 49
811 0 14
857 0 51
199 0 39
951 0 82
63 0 10
420 0 66
2 0 78
148 0 62
697 0 16
68 0 34
307 0 48
13 0 64
860 0 50
18 0 16
276 0 59
584 0 81
748 0 51
959 0 3
501 0 22
282 0 79
317 0 12
25 0 73
111 0 52
486 0 3
83 0 85
379 0 72
279 0 87
356 0 97
854 0 51
303 0 23
724 0 55
820 0 32
957 0 85
52 0 32
556 0 87
16 0 86
256 0 9
673 0 51
933 0 4
539 0 26
451 0 89
886 0 90
504 0 5
280 0 30
412 0 57
342 0 52
308 0 2
927 0 9
195 0 52
658 0 93
738 0 13
78 0 7
814 0 80
161 0 48
995 0 2
117 0 76
385 0 67
291 0 43
442 0 88
711 0 14
938 0 58
779 0 8
414 0 40
306 0 5
744 0 51
113 0 27
613 0 68
359 0 67
253 0 57
733 0 54
516 0 39
671 0 58
917 0 74
202 0 95
65 0 11
130 0 25
197 0 26
741 0 16
642 0 23
682 0 91
718 0 61
716 0 72
0 0 49
483 0 61
391 0 31
499 0 52
351 0 99
544 0 30
605 0 10
41 0 8
214 0 84
502 0 37
570 0 32
760 0 69
392 0 48
581 0 20
672 0 67
994 0 72
549 0 80
193 0 8
231 0 22
24 0 66
163 0 31
47 0 1
358 0 97
978 0 37
200 0 66
426 0 27
878 0 55
809 0 59
140 0 5
603 0 81
416 0 38
535 0 41
665 0 3
661 0 56
324 0 96
541 0 69
856 0 88
629 0 31
881 0 71
683 0 78
858 0 27
624 0 96
436 0 46
913 0 33
713 0 42
546 0 40
636 0 100
632 0 82
373 0 38
471 0 13
261 0 26
832 0 1
989 0 59
172 0 87
110 0 73
863 0 1
815 0 40
162 0 21
301 0 44
37 0 74
281 0 5
897 0 51
984 0 63
268 0 22
469 0 2
991 0 74
207 0 8
465 0 46
75 0 68
664 0 9
795 0 24
982 0 99
430 0 53
108 0 13
839 0 78
712 0 87
186 0 62
131 0 58
367 0 50
38 0 66
288 0 34
888 0 39
346 0 88
889 0 16
474 0 43
594 0 33
789 0 45
924 0 13
684 0 29
93 0 42
440 0 99
448 0 44
444 0 58
586 0 35
333 0 22
706 0 37
314 0 68
139 0 89
236 0 85
310 0 63
930 0 22
565 0 12
551 0 13
817 0 2
154 0 87
806 0 100
10 0 86
666 0 19
714 0 36
380 0 37
965 0 88
173 0 20
29 0 79
237 0 64
947 0 44
754 0 78
258 0 59
55 0 24
286 0 97
776 0 78
190 0 33
896 0 8
248 0 78
158 0 78
937 0 79
503 0 45
480 0 73
164 0 54
659 0 58
118 0 85
775 0 66
536 0 48
691 0 21
335 0 35
548 0 22
630 0 6
963 0 25
651 0 61
46 0 1
71 0 64
375 0 40
768 0 21
654 0 19
730 0 10
906 0 19
330 0 9
147 0 42
875 0 20
264 0 58
105 0 20
828 0 26
326 0 26
372 0 62
250 0 62
530 0 87
590 0 43
827 0 65
376 0 95
429 0 39
511 0 92
98 0 72
763 0 33
283 0 99
961 0 82
192 0 78
952 0 77
1 0 24
473 0 12
297 0 47
171 0 40
374 0 22
974 0 29
655 0 85
28 0 60
561 0 69
319 0 85
507 0 81
899 0 86
409 0 17
299 0 80
206 0 40
249 0 3
59 0 51
127 0 56
577 0 62
212 0 54
360 0 9
363 0 12
954 0 4
17 0 33
411 0 91
926 0 75
399 0 39
35 0 44
396 0 71
529 0 62
846 0 83
220 0 61
32 0 48
121 0 41
514 0 40
723 0 50
341 0 83
460 0 6
4 0 91
270 0 63
708 0 9
592 0 47
302 0 29
438 0 72
956 0 51
935 0 95
960 0 25
509 0 56
304 0 69
902 0 98
362 0 6
675 0 63
70 0 72
845 0 81
355 0 50
285 0 48
676 0 6
725 0 3
329 0 81
968 0 87
31 0 4
114 0 93
327 0 85
255 0 38
983 0 13
235 0 8
293 0 3
62 0 24
287 0 14
410 0 1
491 0 35
950 0 2
487 0 97
884 0 54
275 0 20
506 0 25
533 0 19
26 0 54
439 0 74
566 0 30
309 0 94
700 0 36
976 0 48
221 0 88
747 0 86
739 0 23
345 0 17
531 0 19
89 0 50
252 0 75
141 0 33
944 0 95
178 0 10
240 0 49
259 0 61
903 0 88
22 0 31
369 0 51
786 0 31
434 0 50
870 0 22
993 0 38
19 0 43
334 0 80
296 0 22
797 0 29
521 0 58
328 0 27
210 0 41
144 0 66
735 0 63
482 0 19
58 0 80
794 0 98
238 0 89
563 0 38
726 0 4
266 0 8
836 0 42
778 0 84
525 0 81
587 0 8
625 0 96
964 0 63
710 0 15
660 0 45
395 0 26
271 0 91
260 0 75
574 0 60
153 0 19
895 0 2
800 0 8
278 0 36
936 0 52
807 0 17
719 0 53
174 0 95
680 0 4
343 0 74
370 0 81
985 0 1
349 0 28
27 0 28
849 0 10
746 0 27
48 0 7
160 0 4
894 0 9
762 0 5
313 0 36
851 0 94
527 0 84
371 0 36
318 0 12
705 0 38
826 0 96
470 0 3
685 0 73
72 0 49
869 0 7
639 0 10
986 0 18
686 0 58
610 0 17
669 0 97
736 0 17
86 0 31
728 0 98
945 0 51
729 0 18
85 0 56
885 0 15
446 0 58
12 0 22
550 0 84
257 0 26
687 0 74
33 0 42
176 0 1
50 0 89
44 0 31
678 0 87
298 0 22
219 0 90
159 0 78
576 0 14
508 0 94
273 0 17
234 0 43
562 0 33
94 0 57
142 0 40
449 0 45
648 0 62
510 0 30
265 0 99
422 0 8
402 0 84
979 0 58
948 0 43
861 0 66
454 0 23
316 0 87
767 0 39
977 0 4
223 0 87
872 0 61
523 0 74
892 0 90
553 0 33
810 0 90
404 0 55
421 0 31
353 0 51
528 0 78
254 0 54
344 0 96
900 0 77
740 0 84
821 0 41
45 0 44
855 0 99
742 0 69
914 0 52
517 0 48
757 0 83
618 0 32
898 0 83
43 0 56
129 0 32
432 0 34
743 0 80
246 0 62
97 0 10
588 0 14
179 0 92
208 0 55
189 0 88
76 0 81
218 0 40
650 0 74
717 0 32
595 0 45
361 0 96
183 0 21
443 0 10
649 0 67
74 0 4
877 0 47
8 0 1
524 0 39
5 0 46
905 0 34
61 0 28
837 0 78
614 0 42
247 0 27
232 0 100
515 0 50
136 0 95
104 0 41
641 0 22
103 0 24
323 0 70
571 0 44
715 0 30
591 0 33
340 0 76
169 0 12
243 0 3
942 0 71
621 0 11
552 0 19
844 0 74
106 0 61
289 0 81
971 0 93
134 0 74
852 0 74
538 0 46
784 0 68
690 0 58
191 0 65
458 0 64
975 0 33
331 0 95
88 0 91
209 0 71
388 0 3
386 0 17
633 0 34
295 0 85
69 0 73
357 0 48
90 0 58
657 0 55
352 0 74
644 0 36
534 0 16
652 0 48
151 0 25
120 0 2
476 0 56
813 0 42
484 0 43
841 0 44
803 0 64
143 0 97
604 0 56
339 0 90
904 0 43
560 0 4
692 0 39
555 0 90
188 0 50
883 0 65
907 0 61
949 0 62
168 0 80
843 0 51
695 0 97
415 0 7
620 0 89
967 0 28
312 0 96
790 0 71
915 0 66
66 0 69
940 0 93
