46 3 59
17 9 30
38 37 90
45 46 7
21 21 31
28 39 7
41 24 63
36 3 29
28 46 38
38 3 30
27 26 54
31 42 84
41 44 26
1 29 35
19 48 6
49 38 43
2 31 85
18 35 7
14 9 26
42 16 4
44 45 74
8 39 74
25 24 17
34 18 19
19 24 66
37 15 1
24 7 30
20 14 9
47 9 8
41 46 82
11 27 67
29 40 69
13 21 76
9 47 87
19 49 51
37 29 51
4 42 49
13 46 30
3 20 51
42 20 83
30 9 30
14 32 25
36 27 23
31 10 14
43 35 16
39 30 79
21 5 88
31 36 49
22 21 62
26 6 47
21 10 35
11 17 71
27 35 26
3 10 9
20 19 57
20 12 57
6 42 32
39 44 15
32 47 2
32 11 21
45 13 11
5 29 80
46 11 1
3 38 73
31 11 100
20 0 4
13 15 34
11 34 97
44 31 4
6 8 71
35 2 71
34 8 46
33 35 13
24 8 62
29 45 59
37 3 18
24 5 94
23 1 27
2 36 67
19 21 44
26 14 34
6 7 34
46 49 14
45 2 37
33 9 59
12 0 32
12 38 86
1 5 67
26 25 39
1 19 73
44 14 88
24 37 61
27 1 79
4 31 88
25 43 39
37 4 2
5 45 90
2 9 34
9 34 11
26 12 52
48 12 88
42 14 96
7 7 7
20 28 96
41 21 10
16 21 81
26 40 100
40 9 94
47 39 89
18 18 65
18 43 44
32 4 7
48 40 99
8 26 23
19 13 11
21 30 62
17 12 23
20 42 10
27 32 21
9 30 33
14 26 85
40 1 20
49 11 75
38 1 24
8 40 35
19 16 97
10 31 1
27 22 65
17 30 100
33 38 96
41 11 52
39 28 77
42 47 46
32 39 6
9 22 85
9 45 47
30 19 17
39 19 41
22 16 70
39 10 74
2 15 9
38 8 13
15 28 98
32 8 94
0 2 40
2 7 77
17 1 86
33 14 3
31 5 93
19 7 13
37 35 74
30 31 31
11 32 65
32 20 42
17 37 71
13 11 92
20 8 42
6 30 45
47 5 25
12 8 77
40 39 44
49 4 44
1 12 80
42 36 58
17 46 61
19 3 73
27 19 69
40 41 91
13 31 74
20 41 15
14 28 29
25 1 43
0 48 36
12 26 50
2 1 15
2 14 49
20 32 49
16 26 1
49 24 54
42 8 63
35 10 52
7 28 16
11 42 92
3 6 35
12 45 43
10 10 52
18 5 3
37 25 10
24 30 67
38 0 81
7 5 57
23 28 66
6 14 13
49 23 1
23 48 17
16 49 88
43 13 91
6 6 4
29 41 62
18 36 72
26 16 4
27 45 68
21 3 6
46 41 60
7 48 24
32 7 86
35 45 23
41 22 34
21 24 12
38 39 42
41 33 80
2 33 65
33 18 52
4 48 38
49 2 53
37 8 96
45 5 66
47 34 29
36 28 33
4 30 33
41 39 97
19 11 53
29 22 36
11 20 47
14 24 68
1 32 26
10 25 71
46 0 65
42 34 84
14 48 94
11 21 83
26 15 44
21 39 7
39 25 84
23 26 4
45 39 21
21 26 45
1 10 54
46 19 56
27 42 11
8 18 27
2 3 8
33 37 90
33 5 46
46 16 22
2 13 97
16 43 8
41 32 35
20 6 56
38 34 9
20 22 49
23 15 55
17 28 91
23 19 61
44 18 91
6 13 80
8 32 76
12 39 48
26 30 75
43 42 91
10 36 10
29 3 53
43 23 44
49 10 5
22 6 17
9 11 38
10 39 87
38 17 73
7 13 53
37 46 55
15 15 24
2 38 34
22 35 97
49 34 96
27 49 45
34 35 90
25 16 87
45 30 12
25 36 97
20 31 7
5 12 97
48 2 86
25 5 84
6 38 70
28 24 2
43 16 86
40 15 75
25 2 8
36 17 61
21 1 83
11 13 93
17 14 39
43 4 90
5 44 64
14 6 60
33 25 26
8 6 83
10 6 7
32 33 17
5 8 61
6 24 90
49 17 67
7 26 99
36 11 83
17 34 8
27 48 74
7 6 43
48 22 17
37 22 9
17 18 70
49 43 45
11 16 48
15 0 14
19 38 9
22 44 82
43 9 85
11 22 93
5 20 70
12 12 72
0 14 47
35 17 6
39 11 21
3 32 51
18 1 85
16 35 50
30 39 31
42 5 60
44 23 41
4 6 91
45 0 51
21 46 94
11 46 15
2 48 35
49 41 96
16 13 16
30 2 95
15 48 82
7 35 23
34 48 4
38 35 31
26 20 14
24 43 1
8 36 51
13 9 11
25 23 56
16 2 22
41 4 29
29 47 94
34 14 19
44 27 46
35 4 32
13 32 55
8 5 74
27 46 13
20 16 25
46 9 82
18 47 94
19 35 4
38 4 60
15 36 88
11 12 11
20 29 57
4 49 87
38 19 86
21 37 71
36 6 52
23 47 42
30 49 12
39 29 62
35 43 28
0 7 91
19 18 18
32 17 6
0 4 65
15 38 71
19 17 16
40 36 24
25 32 15
48 33 27
46 47 62
20 39 5
16 8 95
11 15 58
7 39 16
10 17 71
46 10 80
38 27 64
3 35 50
1 17 75
8 20 56
4 21 46
33 26 100
17 48 35
28 30 49
16 33 58
8 34 94
43 10 8
11 43 14
29 28 23
2 4 16
26 45 93
23 0 40
18 30 22
38 45 51
2 27 39
14 8 8
3 3 67
28 43 51
41 27 3
20 44 77
23 22 44
17 22 97
16 22 26
12 31 73
16 34 43
43 33 50
13 48 29
38 14 95
35 20 58
28 27 66
13 5 50
9 18 74
10 7 25
14 37 75
4 44 93
22 12 81
48 45 18
10 4 43
9 41 94
48 29 20
31 24 6
19 12 11
19 41 9
6 36 27
35 32 26
34 15 78
22 42 19
35 3 98
42 48 40
24 49 2
5 18 44
48 43 9
37 6 24
10 8 51
1 26 19
18 26 59
24 28 18
47 17 63
39 20 70
45 29 3
40 10 56
44 30 19
1 27 6
15 10 5
44 1 44
17 6 67
0 47 95
25 27 43
34 11 59
38 46 97
29 27 61
13 6 4
45 36 80
22 36 79
9 35 20
9 28 43
6 16 89
14 4 94
47 32 17
7 43 41
29 26 21
9 19 21
24 16 82
40 28 63
2 18 96
31 6 45
21 49 88
36 41 68
20 24 50
4 47 36
47 22 35
29 29 93
10 30 99
41 38 99
39 33 15
23 38 78
30 43 67
5 14 5
49 27 72
2 21 96
12 5 66
26 4 85
31 46 5
32 10 91
42 46 49
4 5 38
46 20 14
27 30 86
22 9 92
30 21 62
33 49 66
30 46 71
47 46 92
14 27 93
5 3 19
11 4 26
2 29 9
42 23 47
24 22 84
3 1 39
31 35 61
18 24 30
2 37 52
17 3 24
24 21 44
39 2 95
42 41 65
6 39 27
33 27 23
24 18 87
44 19 30
29 16 79
21 47 29
47 37 94
41 0 4
8 24 42
2 26 6
43 19 54
39 9 41
30 42 27
25 3 70
20 45 13
8 0 67
6 31 55
4 29 68
21 11 88
15 2 48
31 45 42
38 2 93
43 47 99
3 41 31
12 25 82
25 28 42
38 49 32
47 47 41
34 9 14
4 45 81
18 42 61
41 2 86
15 17 24
16 18 92
26 34 79
16 29 14
40 17 12
7 14 91
28 12 50
26 17 61
24 31 37
18 13 81
40 44 94
0 25 90
39 17 67
9 14 14
6 48 99
32 14 74
19 27 96
37 21 46
26 2 79
7 11 35
37 13 28
42 29 98
30 33 25
22 26 42
36 33 51
0 19 70
46 35 3
31 16 60
26 10 13
40 0 27
6 4 28
45 34 91
6 41 80
37 31 98
37 5 92
0 44 20
40 42 15
39 13 88
7 16 82
30 12 7
44 21 50
0 28 10
17 32 69
8 43 77
38 10 25
27 25 53
24 4 7
37 19 19
40 6 38
29 35 36
10 37 51
35 29 36
32 31 48
38 11 48
42 12 5
23 23 35
3 16 49
26 46 29
31 48 38
7 49 45
36 22 51
5 19 11
41 1 82
3 33 45
3 15 2
39 47 58
11 30 44
4 2 24
24 19 50
7 42 77
20 3 62
21 9 65
15 8 38
4 39 96
34 43 59
26 11 23
1 47 78
45 11 78
26 28 9
4 15 62
39 31 78
25 49 97
18 44 86
12 28 66
48 14 16
9 43 36
27 36 95
28 2 76
0 46 52
30 25 80
40 48 20
47 20 45
28 45 61
27 12 85
37 30 2
11 6 88
29 14 88
13 18 8
38 38 66
20 23 60
10 24 57
44 41 84
27 20 24
18 14 56
32 36 2
24 0 18
35 41 70
4 38 4
18 23 81
35 12 90
2 25 5
5 28 58
6 3 100
9 31 92
48 10 97
47 16 64
39 40 74
36 15 93
1 46 81
12 9 90
45 17 59
35 27 86
14 0 41
5 9 26
1 23 84
16 25 24
28 1 62
30 23 99
6 11 75
26 22 37
48 3 13
21 38 2
33 32 14
19 6 23
7 12 29
29 1 41
17 39 27
32 16 92
25 29 9
24 10 22
32 1 83
44 24 59
38 7 27
44 28 22
0 26 39
43 39 87
21 2 15
49 16 25
13 26 64
42 10 53
5 40 18
34 13 19
39 7 23
0 10 89
22 47 10
24 36 59
45 27 25
21 23 14
33 19 1
20 35 35
35 48 6
12 14 61
35 26 63
20 25 93
41 7 86
25 45 71
19 5 35
31 1 33
3 9 83
37 41 65
26 42 37
7 3 27
12 23 55
29 32 58
13 0 4
37 44 70
48 5 10
49 6 21
44 16 80
31 41 70
46 40 32
48 39 57
47 31 22
5 2 67
37 40 39
21 42 29
35 39 99
43 38 98
6 21 87
6 37 77
24 39 2
0 9 16
13 12 41
18 11 91
26 0 13
22 19 38
31 22 46
17 25 41
48 8 60
12 22 36
15 31 64
39 39 28
21 8 98
10 33 99
19 25 23
25 0 10
45 47 96
40 4 89
22 24 67
9 49 54
31 17 31
5 32 2
43 43 29
4 28 92
27 3 91
44 35 72
36 30 13
36 45 76
17 33 41
40 7 22
15 1 58
2 16 60
7 0 20
12 37 11
37 14 12
23 12 14
46 1 74
33 6 6
23 18 34
21 35 34
3 26 53
33 45 14
9 8 33
32 38 42
22 8 90
18 41 43
9 1 29
17 20 14
15 4 61
35 40 49
0 43 13
47 7 35
8 45 84
26 26 22
7 30 39
37 18 3
19 23 65
2 46 73
48 41 93
43 40 75
15 20 53
30 35 48
20 7 53
42 13 100
5 10 34
40 2 94
17 35 50
6 19 42
19 28 9
2 45 26
15 3 5
46 26 54
5 31 54
39 49 64
7 41 25
21 15 44
17 0 86
27 10 73
22 10 50
16 6 77
47 15 86
44 39 76
23 3 49
15 19 99
20 11 21
36 14 31
15 49 15
14 38 12
32 19 32
38 42 60
13 43 84
48 44 56
28 34 16
0 41 52
45 22 11
1 18 59
22 2 31
48 7 95
41 47 19
18 37 97
27 24 60
44 10 96
1 48 90
28 4 18
37 42 28
25 8 88
14 46 49
47 6 3
33 33 25
30 32 37
47 36 47
32 48 71
32 21 40
31 33 67
23 5 62
7 31 45
6 15 1
32 28 61
14 16 73
11 9 47
19 2 53
41 40 21
40 37 5
42 30 97
5 46 91
36 23 61
45 20 75
8 42 74
13 19 55
41 23 73
36 47 8
44 33 71
13 28 83
30 40 82
29 38 26
31 31 95
42 7 89
13 39 34
38 16 39
30 8 100
21 22 25
8 47 73
34 32 97
4 41 24
14 44 4
19 14 6
14 22 2
41 19 95
28 29 49
26 39 26
27 37 18
20 17 64
9 15 81
18 20 60
45 1 75
36 12 41
17 41 51
42 25 5
47 18 93
39 1 45
24 48 75
14 21 16
8 49 15
35 13 91
8 9 50
15 7 93
38 21 51
11 24 84
11 49 82
41 26 91
47 1 11
38 31 15
6 10 89
25 11 42
31 21 34
31 34 18
17 7 36
47 38 9
5 1 65
13 8 75
43 14 40
27 44 14
1 16 78
1 22 78
10 48 99
34 33 20
8 2 13
12 34 80
33 10 71
37 1 42
41 25 38
25 17 77
9 16 69
37 34 63
14 2 14
10 35 97
48 16 17
38 28 29
8 7 82
12 2 27
20 34 52
11 19 83
46 29 5
32 23 74
43 21 31
25 18 1
38 24 37
4 20 69
25 37 3
20 26 85
28 19 10
30 47 50
3 24 29
26 29 7
19 8 66
6 23 7
34 3 61
28 10 93
49 46 23
30 10 23
46 17 81
3 48 94
6 20 26
44 7 24
45 32 23
35 14 92
46 14 9
27 28 72
12 33 72
24 25 17
1 43 43
38 48 70
34 22 32
15 43 65
15 32 77
2 23 42
3 25 34
3 14 85
49 1 92
3 12 2
42 49 46
32 34 57
22 40 66
25 14 6
6 22 32
35 11 8
1 38 37
27 15 13
34 2 14
4 33 44
1 25 44
32 9 79
40 49 5
31 39 18
41 16 88
41 3 92
14 15 87
3 31 88
38 26 85
19 20 64
13 23 23
40 24 49
49 48 76
47 10 23
21 14 51
36 38 48
28 42 73
4 1 40
25 20 27
44 6 89
34 46 35
23 31 41
22 49 41
39 41 23
33 42 7
18 46 24
27 14 14
40 18 33
32 49 89
11 36 44
17 10 21
15 6 28
25 46 55
37 20 98
48 48 46
22 27 70
12 11 82
6 43 89
0 24 84
14 14 60
23 24 94
17 19 39
0 21 35
6 29 54
4 32 16
24 6 5
15 13 67
35 35 24
40 38 7
40 8 93
18 48 60
36 44 30
18 8 95
16 31 57
23 44 23
2 42 83
30 13 79
1 34 80
11 48 72
7 9 72
43 26 91
2 12 34
32 27 3
20 38 94
12 4 60
11 7 22
27 29 64
1 37 15
17 2 52
48 35 71
15 41 81
48 30 21
46 15 26
26 48 32
20 30 42
18 9 5
28 28 21
23 29 81
2 47 86
22 30 81
36 39 73
3 0 1
16 41 79
23 42 33
0 37 100
36 10 90
26 33 37
28 13 41
38 22 70
32 26 49
45 6 73
31 32 50
40 5 95
33 0 83
8 28 98
45 3 71
36 4 92
6 2 93
28 15 60
47 35 55
3 21 19
45 49 69
41 13 20
32 42 52
38 13 9
42 3 83
23 33 76
42 17 14
20 48 99
28 7 8
46 34 83
0 1 10
24 40 28
30 28 89
25 4 92
35 46 87
17 38 15
46 23 72
14 45 82
31 0 21
39 8 72
0 16 31
48 1 65
33 36 83
7 29 8
18 4 81
35 31 98
6 46 37
7 38 11
48 26 47
33 8 17
7 10 67
31 30 93
12 24 31
45 10 7
21 27 63
11 31 23
46 22 12
2 11 26
21 33 18
38 36 31
48 46 92
16 19 79
48 31 38
16 12 94
18 31 66
14 3 51
35 22 73
49 49 56
47 28 53
35 42 68
1 33 1
33 34 17
17 11 99
7 36 92
19 15 72
1 9 69
46 8 61
16 14 99
17 8 61
29 19 13
36 35 75
39 32 64
13 36 73
21 44 56
44 8 59
0 29 44
30 41 72
41 6 27
18 15 19
34 25 75
23 16 32
8 41 49
0 45 43
20 13 6
3 40 69
19 0 16
46 33 65
40 46 56
4 36 7
20 37 49
32 25 74
9 38 50
33 16 76
36 0 12
40 3 100
25 26 14
0 39 86
34 37 5
44 38 72
32 45 12
16 15 92
1 2 31
9 23 2
27 27 11
26 3 82
44 40 66
17 36 21
2 40 42
44 48 97
28 48 75
40 32 72
27 0 56
25 22 9
21 13 16
19 40 77
3 47 23
11 41 9
44 20 47
34 19 70
24 3 53
3 11 93
22 39 83
42 38 95
19 34 75
13 3 47
15 25 68
28 20 32
33 15 19
14 40 26
25 21 28
33 28 93
49 47 5
26 44 93
44 15 21
2 32 59
42 4 43
2 0 47
5 30 59
36 21 17
0 0 17
31 25 66
9 24 45
42 35 1
37 2 44
25 40 37
31 2 71
39 48 32
14 43 57
13 33 64
6 27 92
39 43 37
23 34 67
23 45 32
12 10 95
34 49 43
49 35 57
18 21 89
23 43 56
41 36 6
35 47 10
22 38 56
43 32 78
20 15 95
12 19 46
37 36 95
5 36 24
38 25 35
12 15 19
49 26 58
7 23 75
15 18 13
36 7 87
38 32 55
8 14 6
23 46 16
6 0 59
5 47 49
20 33 13
25 10 89
4 4 90
28 17 9
46 6 88
3 29 14
24 41 71
18 25 8
39 38 49
6 17 26
46 18 23
32 18 88
26 43 78
3 45 57
26 47 21
46 2 17
19 9 38
28 0 97
45 44 45
38 12 67
15 47 51
18 28 79
6 47 40
38 41 36
45 24 16
41 28 79
44 17 32
36 43 69
20 40 90
36 24 98
22 7 46
28 36 24
5 21 100
10 21 51
41 42 11
44 29 10
46 25 57
11 33 60
30 14 9
43 15 85
49 18 26
49 29 45
27 39 98
29 5 55
26 37 51
31 8 90
49 7 79
34 41 65
5 41 93
32 2 18
38 18 5
41 17 72
24 47 16
30 16 96
19 22 13
28 38 27
24 44 15
14 34 10
15 26 44
32 15 19
5 15 33
16 4 96
30 22 63
25 9 24
35 49 47
19 4 22
16 30 71
36 19 27
28 14 69
3 7 46
12 46 34
18 12 41
24 2 84
5 33 7
19 33 47
25 39 93
44 5 31
21 29 15
29 33 9
9 37 46
6 44 43
38 15 9
10 28 14
5 35 92
14 13 23
42 39 56
24 34 45
7 40 2
37 28 6
47 27 97
24 32 50
38 30 56
35 0 33
23 37 10
39 12 96
21 20 57
38 43 11
24 27 28
45 33 53
24 15 2
49 21 5
20 43 80
8 37 76
19 29 82
18 2 38
31 47 40
47 40 45
23 4 48
4 25 16
5 27 14
31 49 38
32 37 50
1 24 41
44 9 95
3 2 62
38 33 15
28 18 91
35 23 4
42 27 13
1 7 4
3 17 86
23 30 72
18 29 75
12 30 12
2 10 26
0 32 96
21 31 100
19 10 53
36 29 53
28 26 60
16 27 47
6 9 72
20 20 41
14 42 74
17 16 13
10 38 35
40 16 85
3 23 39
23 36 2
1 14 91
7 19 66
46 37 5
49 33 22
7 32 45
0 6 89
1 41 73
9 25 88
22 37 69
8 48 74
0 20 76
15 12 32
30 37 47
40 45 47
15 34 7
38 5 11
36 16 27
45 41 71
10 5 94
39 26 76
33 44 2
27 43 25
49 22 8
49 39 22
44 26 70
37 37 1
34 12 98
32 32 50
13 34 71
47 2 30
6 25 29
10 40 32
7 8 26
27 41 73
15 21 51
33 20 33
45 4 83
43 30 79
29 4 98
21 7 17
22 33 12
28 21 76
42 24 93
12 32 41
27 9 51
45 7 7
24 1 85
26 7 51
29 49 1
10 42 2
5 24 18
30 5 30
7 45 50
9 33 81
4 37 43
46 42 86
20 27 12
34 24 78
3 13 39
28 44 2
34 26 44
17 4 13
36 48 13
41 14 4
22 18 26
13 14 62
4 46 3
8 23 45
22 14 87
35 36 92
42 42 88
18 27 11
23 11 11
48 19 64
8 19 17
43 2 25
44 12 30
35 16 76
24 17 90
40 35 72
10 47 83
22 4 11
7 25 29
34 4 40
6 34 93
15 27 74
44 47 97
46 30 6
8 4 53
25 12 8
19 32 32
25 15 43
28 37 1
21 40 27
12 21 68
16 16 52
39 46 66
6 26 50
29 36 43
14 12 84
27 40 60
5 4 31
38 40 37
1 13 62
31 15 25
46 39 12
12 40 31
17 21 67
44 0 35
9 32 79
40 31 18
36 8 45
9 6 3
15 24 81
3 36 28
26 24 55
41 45 74
37 16 21
34 31 57
36 42 17
41 12 98
39 6 49
6 40 13
1 42 21
3 8 98
14 11 46
44 43 45
47 44 72
5 17 9
7 2 52
47 21 30
2 2 68
26 21 72
25 6 14
34 5 66
10 26 46
7 46 52
42 40 34
47 49 51
23 25 74
49 14 33
29 18 79
13 42 53
42 9 32
10 18 96
26 18 20
2 44 14
25 48 18
31 44 80
29 6 11
49 12 26
36 18 70
19 42 4
2 19 23
48 23 51
12 13 7
46 12 35
28 47 48
13 22 70
31 20 13
44 36 35
23 49 29
18 34 22
2 17 42
28 31 93
37 7 18
14 31 89
26 5 17
27 2 12
43 11 13
40 25 8
44 46 18
29 46 31
12 29 21
28 6 31
44 37 32
30 20 66
2 43 33
30 0 55
6 32 51
42 43 30
41 5 88
43 7 22
22 45 49
26 32 86
48 20 54
22 46 79
42 0 82
11 29 31
24 26 34
36 31 40
22 23 91
29 9 36
16 32 53
48 17 40
33 23 100
6 33 10
8 8 40
26 19 75
40 47 87
34 23 60
24 13 59
42 1 47
29 34 6
30 17 76
43 20 54
41 43 24
10 34 32
39 27 81
32 46 17
20 5 95
44 34 45
47 48 70
6 45 82
37 49 85
45 31 100
48 6 84
43 36 25
13 30 14
19 47 36
37 45 30
13 7 100
49 40 65
8 3 99
1 28 73
10 11 92
36 34 89
9 13 40
27 8 56
33 41 79
9 42 84
17 27 19
4 43 51
0 35 17
37 17 8
9 12 60
7 18 48
0 49 64
5 39 65
29 15 7
20 9 47
49 44 58
46 24 62
3 18 45
21 16 93
33 2 94
3 46 20
35 24 38
32 5 97
26 41 36
5 6 50
8 46 79
8 30 8
35 7 94
28 16 41
18 33 88
14 39 48
13 45 54
26 9 70
12 3 72
13 13 31
2 30 21
34 39 97
8 10 10
37 27 19
0 17 2
18 32 58
18 3 30
14 20 64
40 33 30
19 31 79
2 34 99
28 11 16
41 8 60
15 40 98
45 23 24
29 48 38
48 15 53
11 11 82
26 35 30
37 33 86
42 26 100
43 8 85
43 1 9
45 48 66
5 0 53
7 1 4
42 21 78
17 17 60
45 19 92
1 4 29
40 40 57
1 30 83
40 12 14
31 4 51
10 44 24
20 36 98
5 42 57
0 18 28
32 13 33
48 13 97
41 20 44
9 17 87
19 36 79
1 49 80
13 4 87
33 48 59
48 37 11
39 35 81
47 30 6
22 48 47
16 17 4
0 8 95
23 20 32
42 15 28
25 31 82
4 26 31
4 27 7
23 39 31
16 7 43
0 31 26
20 49 7
10 23 31
22 13 9
43 24 40
20 46 55
1 8 94
34 40 50
5 49 1
30 4 80
27 31 26
18 22 6
40 13 15
11 38 52
3 49 23
37 12 16
27 23 67
46 5 49
48 36 47
47 42 90
13 17 81
35 34 97
45 35 94
19 19 54
14 29 75
8 31 75
9 20 81
31 18 33
21 4 61
14 10 66
13 29 15
15 22 65
10 41 1
13 35 55
9 48 45
23 8 27
19 39 19
31 14 67
9 10 13
4 22 100
6 5 73
37 48 63
3 28 55
7 33 88
3 22 99
17 42 87
43 37 91
3 34 87
47 3 26
28 23 55
13 27 65
28 33 15
20 21 64
45 15 62
18 39 86
30 38 12
17 23 75
0 5 64
9 0 17
45 25 16
9 2 5
24 33 72
27 16 57
41 30 92
18 19 58
33 12 69
38 44 86
35 9 41
47 14 31
16 47 68
36 9 77
37 23 61
38 23 52
37 39 2
5 23 16
43 12 60
8 11 85
36 49 76
29 8 66
8 27 59
36 36 40
3 39 34
36 20 1
42 44 65
30 1 16
33 40 39
42 19 41
9 5 22
24 14 18
45 8 39
7 4 12
8 16 91
46 44 65
14 5 35
29 42 22
11 1 24
22 41 59
22 15 96
7 20 9
29 2 72
21 12 49
9 21 31
14 18 33
22 22 76
3 19 9
40 27 50
2 8 24
15 30 22
35 1 5
4 9 26
47 43 9
1 21 88
8 35 83
45 37 41
24 20 55
30 44 1
36 1 45
48 34 20
31 26 39
49 32 47
16 38 68
9 9 6
34 44 78
33 1 80
10 45 26
10 9 45
33 3 80
0 12 8
15 14 44
29 24 72
14 1 13
10 14 95
10 15 74
48 47 14
33 17 4
4 13 55
47 12 61
22 3 78
11 2 37
22 25 49
48 18 69
15 9 76
10 43 99
33 4 91
19 30 35
30 36 20
45 45 43
48 24 47
19 44 53
26 1 30
21 6 3
47 13 60
44 32 75
29 25 46
4 10 41
34 27 66
30 7 45
0 27 38
42 6 29
27 47 28
9 4 8
35 6 34
35 19 20
35 37 92
16 42 54
41 34 56
36 13 7
4 11 43
38 29 48
11 25 100
14 33 5
40 29 21
48 27 6
26 49 27
1 31 6
19 46 46
38 20 95
45 16 34
46 45 4
34 30 39
4 34 18
45 18 34
46 4 99
9 46 78
17 24 61
0 34 15
29 11 51
35 28 8
12 27 71
0 3 21
41 9 74
2 39 81
43 46 96
47 45 88
37 10 47
40 20 67
1 39 14
25 33 56
21 48 47
7 44 4
41 15 16
28 5 35
40 21 50
45 9 39
6 49 38
41 41 42
10 16 62
36 26 7
42 2 12
43 6 18
16 37 21
37 24 69
27 33 52
3 37 72
44 44 47
12 35 64
30 27 33
4 18 79
14 25 68
35 8 4
7 27 99
6 1 38
30 18 12
8 1 85
36 37 48
11 37 93
12 43 96
35 5 39
4 8 50
11 40 65
31 37 86
16 5 34
11 23 58
34 10 82
43 49 15
27 13 4
2 24 37
14 17 53
4 23 9
17 29 5
29 31 99
5 16 64
27 7 62
11 14 4
29 43 47
0 22 90
48 9 92
22 20 98
16 0 77
31 27 56
15 37 44
1 1 80
16 45 83
8 13 82
30 26 97
11 28 94
20 18 5
39 0 52
32 29 58
33 21 35
1 40 17
48 32 28
13 20 41
14 47 7
30 24 11
39 45 12
43 17 31
17 31 11
29 23 60
34 47 39
45 26 43
11 35 9
24 38 44
41 49 80
12 36 89
23 10 43
35 33 18
10 20 42
48 0 78
11 18 20
1 6 75
32 12 59
42 18 16
17 15 51
0 42 31
1 36 37
4 24 77
32 30 79
48 21 96
14 7 99
6 28 56
47 0 68
33 39 41
39 24 90
42 32 57
45 28 35
13 38 85
11 0 69
16 1 2
39 36 56
19 45 22
32 41 84
6 12 40
46 43 63
34 38 36
35 21 17
27 4 45
33 47 70
44 49 8
37 32 51
16 23 91
46 48 67
45 40 23
29 10 8
20 1 30
15 42 79
29 13 68
46 13 84
26 8 43
4 7 91
21 41 94
43 27 87
42 45 44
23 40 57
48 11 31
11 39 61
24 35 64
10 2 6
21 36 46
34 0 20
27 38 88
43 44 57
12 47 59
41 31 74
14 30 94
38 47 1
10 49 56
44 22 65
42 33 95
32 24 4
21 0 71
25 42 26
18 16 90
8 38 70
22 43 42
4 35 16
19 37 7
15 35 53
39 34 70
21 25 28
9 7 17
23 35 59
44 3 36
33 31 6
43 41 99
12 20 3
49 37 30
17 26 13
8 15 10
0 40 91
15 46 89
40 23 77
30 45 4
34 29 42
8 17 88
16 46 67
40 34 76
16 20 23
35 15 47
39 22 91
36 2 33
17 5 38
33 24 78
34 16 49
25 13 64
24 46 24
41 37 66
5 34 18
35 44 1
39 37 57
4 19 88
27 18 47
3 27 80
33 13 21
42 28 63
4 14 75
13 10 49
0 36 12
30 30 58
23 6 25
19 26 8
49 30 31
12 18 91
11 44 72
12 49 28
9 26 63
30 11 78
10 46 44
34 28 66
25 44 95
32 0 4
49 19 72
23 14 45
37 47 7
44 42 92
39 23 80
28 3 62
27 21 16
31 23 82
25 35 97
34 21 55
25 25 78
43 22 72
15 44 52
25 41 37
10 19 61
29 0 33
5 25 36
22 32 81
33 29 91
26 36 76
49 15 57
22 28 39
16 9 41
31 38 88
43 45 91
35 25 72
23 13 69
31 3 36
39 21 39
10 27 36
7 17 78
49 0 15
12 41 51
43 34 38
8 22 29
24 12 29
2 22 37
32 44 23
5 37 70
49 31 34
5 26 81
43 5 27
9 29 25
14 49 15
2 41 23
28 8 80
16 40 67
49 3 25
42 37 29
9 27 80
39 16 24
6 35 3
11 3 65
23 41 61
36 46 3
29 17 98
37 26 98
29 37 57
33 43 53
49 25 42
26 13 77
49 28 56
37 43 68
17 43 34
46 28 54
31 7 8
0 23 78
7 34 71
11 26 87
25 47 17
2 35 97
0 15 1
15 16 62
28 40 38
20 4 98
33 7 86
22 0 7
32 6 81
39 18 73
29 21 26
43 3 3
28 25 100
16 24 15
8 33 72
16 28 27
29 39 61
47 29 27
43 18 68
13 44 86
21 19 95
25 19 77
0 30 11
47 4 16
36 40 66
43 0 36
40 26 10
11 10 39
34 20 30
32 3 80
8 29 34
16 48 12
13 37 22
24 9 38
45 12 30
24 23 41
48 4 57
32 22 32
4 0 79
13 25 92
23 2 92
16 3 9
12 17 20
13 1 85
15 33 86
3 43 48
18 38 38
10 22 80
21 32 94
45 38 47
17 49 95
38 9 4
37 9 54
14 19 55
7 22 33
18 49 4
1 20 5
28 9 42
24 29 4
42 22 82
9 44 41
25 30 1
29 20 53
44 2 99
24 11 20
32 35 62
5 11 37
10 12 100
12 6 66
25 38 74
9 39 49
22 1 67
32 40 9
39 3 28
40 11 65
30 3 62
48 25 95
16 39 86
23 32 49
24 42 92
22 5 92
3 44 45
25 34 79
15 39 58
0 33 28
21 28 95
5 13 80
46 31 61
46 21 58
17 13 24
44 13 5
43 25 2
11 45 41
18 17 49
35 18 6
1 3 85
21 43 5
36 5 77
17 47 74
29 44 86
45 21 73
9 3 73
47 41 89
30 6 55
13 49 69
5 7 72
31 13 85
11 8 88
49 5 54
7 15 56
12 42 3
17 45 67
39 14 39
2 5 28
26 31 68
47 11 86
35 30 68
16 36 21
17 44 58
14 23 5
23 7 46
4 17 29
44 4 18
29 7 30
47 25 80
48 49 12
40 22 32
27 11 60
40 43 69
8 25 62
43 29 70
22 11 14
22 34 37
47 19 79
31 19 88
0 11 75
7 21 60
47 8 48
22 17 17
18 45 62
9 40 23
31 28 61
46 32 56
21 17 31
4 3 24
20 47 98
15 29 38
31 40 61
13 2 26
13 47 88
44 11 59
41 10 43
12 1 60
43 28 16
18 0 46
12 16 85
34 7 87
41 48 40
21 34 13
1 11 72
48 28 12
11 47 79
5 38 84
20 10 22
31 29 75
48 42 9
34 42 4
1 44 86
39 4 5
8 12 68
36 32 71
33 46 94
4 12 84
10 29 70
45 43 98
46 46 74
29 30 65
26 27 24
31 12 34
30 48 53
4 16 29
41 18 64
7 24 2
28 22 12
34 6 77
37 11 80
33 22 28
12 7 62
10 13 90
2 20 69
1 45 31
1 0 12
15 11 23
9 36 10
15 23 71
37 0 96
36 25 37
33 30 13
13 16 55
0 38 23
47 26 63
49 9 4
42 31 41
14 36 97
46 36 9
10 0 74
8 44 91
48 38 57
10 32 89
34 45 93
19 1 75
46 27 38
10 3 28
34 17 92
49 8 23
34 1 54
32 43 19
24 24 75
40 30 33
29 12 13
49 45 78
15 45 1
39 5 16
30 29 21
34 34 58
28 32 53
24 45 26
42 11 77
39 15 75
27 6 75
22 29 31
31 43 74
37 38 84
27 5 18
49 42 44
12 48 37
0 13 28
19 43 6
47 23 30
2 6 85
1 35 73
47 33 22
43 48 100
2 49 45
2 28 88
43 31 85
33 11 66
16 11 77
30 15 53
18 40 80
3 42 26
8 21 72
28 41 57
5 5 89
35 38 19
15 5 22
21 45 57
46 7 12
18 6 56
3 4 18
49 13 3
5 48 2
41 35 21
1 15 79
13 24 81
27 17 11
40 19 26
39 42 13
22 31 89
27 34 70
3 5 41
16 10 26
13 40 14
4 40 59
5 22 40
26 38 9
18 10 33
17 40 75
44 25 81
23 27 42
12 44 99
46 38 90
5 43 17
13 41 43
16 44 55
41 29 16
7 37 77
49 20 15
49 36 34
3 30 85
26 23 39
23 21 29
47 24 100
20 2 60
23 17 93
10 1 44
18 7 67
14 41 52
7 47 95
38 6 86
34 36 58
40 14 22
28 49 90
21 18 82
6 18 31
23 9 89
31 9 39
25 7 85
14 35 58
45 14 5
45 42 76
30 34 46
28 35 50
11 5 23
