0 120 88
0 380 88
0 215 51
0 378 31
0 199 69
0 301 16
0 75 16
0 342 5
0 109 4
0 39 22
0 42 75
0 11 28
0 25 63
0 244 60
0 197 89
0 250 63
0 177 60
0 305 59
0 234 53
0 265 76
0 211 99
0 188 77
0 55 11
0 189 22
0 299 55
0 63 60
0 397 32
0 258 58
0 396 85
0 194 6
0 384 6
0 302 95
0 253 48
0 358 39
0 205 18
0 212 7
0 357 18
0 37 80
0 92 48
0 169 18
0 180 65
0 111 70
0 10 94
0 349 59
0 207 20
0 34 24
0 389 68
0 233 9
0 272 55
0 333 99
0 141 96
0 224 62
0 106 24
0 308 14
0 179 25
0 80 92
0 134 44
0 340 57
0 229 49
0 227 36
0 260 9
0 156 11
0 88 74
0 285 89
0 259 67
0 238 78
0 280 73
0 118 43
0 140 34
0 345 5
0 28 70
0 61 96
0 53 36
0 353 60
0 232 90
0 325 73
0 310 77
0 184 8
0 131 37
0 114 10
0 93 80
0 266 19
0 137 81
0 371 81
0 216 34
0 277 100
0 208 11
0 351 48
0 142 76
0 129 89
0 295 47
0 155 13
0 165 67
0 153 21
0 83 62
0 132 73
0 369 7
0 45 83
0 78 48
0 167 6
0 246 20
0 50 71
0 14 78
0 163 48
0 6 5
0 193 21
0 150 98
0 91 95
0 119 80
0 354 4
0 38 45
0 314 73
0 49 42
0 158 18
0 323 70
0 335 92
0 223 6
0 235 12
0 399 50
0 157 38
0 130 65
0 344 91
0 263 73
0 309 22
0 21 98
0 365 35
0 322 84
0 171 44
0 27 84
0 4 81
0 312 4
0 268 4
0 225 1
0 267 85
0 374 76
0 2 21
0 195 13
0 9 5
0 84 3
0 168 6
0 271 33
0 66 8
0 350 28
0 74 45
0 294 69
0 348 3
0 359 1
0 337 5
0 203 74
0 144 40
0 290 90
0 33 82
0 105 91
0 98 19
0 86 88
0 41 90
0 226 68
0 44 5
0 124 21
0 393 55
0 219 54
0 383 75
0 221 55
0 236 10
0 327 57
0 139 91
0 283 91
0 57 77
0 81 58
0 317 9
0 373 12
0 269 8
0 230 36
0 192 24
0 306 69
0 336 37
0 123 13
0 183 71
0 288 97
0 17 33
0 143 22
0 243 14
0 85 52
0 217 99
0 107 74
0 388 38
0 16 45
0 103 100
0 62 34
0 303 55
0 166 6
0 395 32
0 187 29
0 108 69
0 318 36
0 239 72
0 1 85
0 292 51
0 159 33
0 214 90
0 279 4
0 324 39
0 228 95
0 248 79
0 76 31
0 291 42
0 361 41
0 270 48
0 46 22
0 185 15
0 170 92
0 148 23
0 251 65
0 54 72
0 320 94
0 262 30
0 360 46
0 390 46
0 135 88
0 274 10
0 18 11
0 347 23
0 77 98
0 125 45
0 330 16
0 329 13
0 116 60
0 138 8
0 65 4
0 222 74
0 352 35
0 362 57
0 206 35
0 35 12
0 20 43
0 56 94
0 126 97
0 15 53
0 379 17
0 110 59
0 71 29
0 40 5
0 334 67
0 5 44
0 173 39
0 72 2
0 64 77
0 319 89
0 296 45
0 101 27
0 133 73
0 87 22
0 307 94
0 304 29
0 12 12
0 278 18
0 375 24
0 256 97
0 13 72
0 231 46
0 160 47
0 117 91
0 332 45
0 146 98
0 392 85
0 69 61
0 381 12
0 113 38
0 368 23
0 73 15
0 99 81
0 175 32
0 201 91
0 391 91
0 293 89
0 287 57
0 181 54
0 286 53
0 382 95
0 23 84
0 200 78
0 68 98
0 376 70
0 363 33
0 241 29
0 127 62
0 300 96
0 0 98
0 385 54
0 281 22
0 364 46
0 154 15
0 128 11
0 247 1
0 31 15
0 26 18
0 282 67
0 387 22
0 22 14
0 343 94
0 394 41
0 249 14
0 178 63
0 58 38
0 237 81
0 136 26
0 202 38
0 161 44
0 245 95
0 257 13
0 366 95
0 326 66
0 79 1
0 70 1
0 386 90
0 209 75
0 275 83
0 182 76
0 297 19
0 210 69
0 48 58
0 220 11
0 198 76
0 341 9
0 95 1
0 89 71
0 32 98
0 151 87
0 346 36
0 43 28
0 254 95
0 218 65
0 164 4
0 82 90
0 52 30
0 356 80
0 191 60
0 122 43
0 196 46
0 204 92
0 3 57
0 29 39
0 59 9
0 355 22
0 60 22
0 338 72
0 276 33
0 331 27
0 7 84
0 172 39
0 284 35
0 190 39
0 115 9
0 377 43
0 104 80
0 328 58
0 152 9
0 47 25
0 252 44
0 261 42
0 372 60
0 186 80
0 264 52
0 97 69
0 145 19
0 147 52
0 255 74
0 30 76
0 311 44
0 8 22
0 398 40
0 313 76
0 96 33
0 100 16
0 298 71
0 339 43
0 36 70
0 121 10
0 289 40
0 315 51
0 316 2
0 321 1
0 213 57
0 242 81
0 367 53
0 24 26
0 162 78
0 90 22
0 176 96
0 94 75
0 19 86
0 273 38
0 51 7
0 174 82
0 67 73
0 370 31
0 102 3
0 240 80
0 112 43
0 149 73
